   2.0000000e+00   1.0163237e+00   1.0548309e+00   3.1376227e-01   1.3015521e+00  -6.0835794e-01   9.5056397e-01
   2.0000000e+00  -1.4854375e+00   1.0363620e+00  -5.9047156e-01   1.5048535e+00   2.3440725e-01  -2.6372837e-01
   2.0000000e+00   1.7699498e+00   1.1705288e+00  -8.0621692e-01   4.0695626e-01   4.3967020e-01  -9.4842665e-01
   1.0000000e+00   1.7607048e+00  -9.7190159e-01   7.3469183e-01  -2.5140720e+00   4.2300591e-02  -4.9827391e-01
   2.0000000e+00   2.8852821e-01   1.5410951e+00   5.4732021e-01   1.4642276e+00   4.7716126e-01   4.1386854e-01
   2.0000000e+00  -3.3857707e-01   9.1479571e-02   2.0793727e+00  -1.1128262e+00  -3.5769372e-01  -1.1350668e+00
   2.0000000e+00  -2.7667903e+00  -2.1486250e+00  -1.8356401e+00  -1.2823471e-01   8.3530605e-01  -8.5982247e-01
   2.0000000e+00   2.3351506e-01   1.1993186e+00   1.8738443e-01   5.4604596e-01  -6.4254147e-01  -1.0721457e+00
   1.0000000e+00   2.6779338e-01  -7.4164020e-01  -1.9397991e-01   1.3242055e+00   2.1653399e-01  -2.0447145e-02
   2.0000000e+00   1.0231287e+00  -8.5594852e-01  -8.0977158e-01   5.9152742e-01  -8.5324566e-02  -2.2013234e-01
   2.0000000e+00  -4.9108420e-01   2.8111985e-01   7.1239439e-02  -3.5369578e-01  -1.0059936e-01   1.1428050e+00
   2.0000000e+00   4.5318554e-01  -1.0468932e+00   5.6383298e-01   8.5752651e-01  -7.8184115e-01   8.8429942e-01
   2.0000000e+00  -5.1336877e-01   1.3479048e+00   3.4690585e-01  -2.2984138e-01  -2.6976045e-01   7.7741947e-02
   2.0000000e+00   9.8871054e-01  -1.4096184e-01  -1.8983042e+00   5.2055112e-01  -7.3170460e-01  -7.5383072e-02
   2.0000000e+00   9.8423206e-02   1.6285540e-01   1.9969096e+00   3.7539378e-01  -2.6581581e-02   3.6370287e-01
   1.0000000e+00   1.0660962e+00  -3.6316022e-01   1.6957150e+00  -3.1637636e-01   6.7332095e-01   5.0579002e-01
   2.0000000e+00  -6.4803182e-01   5.7450917e-02   1.5964439e-01  -9.4333080e-01   1.6844057e+00  -2.4922025e-01
   2.0000000e+00  -2.1092918e-01  -8.4586819e-01  -1.3560173e-01   1.3561499e+00  -3.4525940e-01   3.5001088e-01
   2.0000000e+00  -1.5026841e+00   1.6029077e+00  -3.3342580e-01   1.9071631e+00  -4.0812429e-01  -5.7731263e-01
   2.0000000e+00  -5.2181518e-02  -3.0951919e+00   1.4823241e-01  -1.0991631e+00  -1.8617727e+00  -2.7551458e-01
   2.0000000e+00  -1.0539580e+00  -8.0617126e-01  -1.1942431e+00  -9.2195415e-02  -7.0599701e-01   7.7309984e-02
   2.0000000e+00  -1.4555708e+00  -1.9208299e+00  -3.6576733e-01   6.8062710e-01   5.9090575e-01   2.4782183e-02
   2.0000000e+00  -5.5943672e-01   1.2535827e+00   3.6440419e-01  -4.8175000e-01   4.6899982e-02   6.2743740e-02
   1.0000000e+00  -2.1527675e-01   3.8320870e-01  -1.6366220e-01  -2.1956938e-01   6.5157755e-01   1.1108886e+00
   2.0000000e+00  -5.5412113e-01   1.0647593e+00   1.5204227e+00  -7.1006448e-01   1.7121356e+00   9.4231888e-01
   2.0000000e+00  -1.3292272e+00  -1.2199742e+00   1.8058844e+00  -8.3227027e-01   8.5075581e-01  -3.4357073e-01
   2.0000000e+00  -7.5420066e-01  -1.8835021e+00   1.6568605e-01  -2.6818485e-01  -8.5460495e-01   3.0490147e-01
   2.0000000e+00   4.4312368e-01  -2.3675646e+00   6.9223632e-01   6.1673759e-01   5.6922634e-01  -2.7467119e-01
   2.0000000e+00  -7.2399406e-02  -1.4185936e+00   1.2522043e+00   5.7519186e-01  -9.8026990e-01   1.3423473e+00
   2.0000000e+00  -7.6129660e-02   1.9113869e+00   1.2081814e+00  -2.0891696e+00   2.9276855e-01   5.3614119e-01
   2.0000000e+00   6.2983313e-01   5.0875238e-01   9.0779509e-01   8.3132343e-01  -8.2043531e-01   9.0638697e-01
   2.0000000e+00  -1.1299699e+00  -1.4613732e+00  -1.9861491e+00   3.2175446e-01  -2.0298181e+00  -3.4802292e+00
   2.0000000e+00  -5.2533925e-02  -2.0680426e-01   1.8053487e+00  -4.4966439e-01   1.3568559e+00   7.2865241e-01
   2.0000000e+00   4.4975525e-01   1.1842209e+00  -8.5869083e-01  -1.5041259e+00   6.2163428e-01   2.4252375e+00
   2.0000000e+00  -1.4629952e+00  -1.4410721e+00   4.4343590e-01  -4.7039515e-01   1.1181615e+00   3.0765510e-01
   2.0000000e+00  -1.4047001e+00   9.3583206e-01  -5.0634023e-02  -1.2312050e+00  -3.5287136e-01   1.7762362e-01
   2.0000000e+00   1.5531050e+00   1.8233448e+00  -5.4040730e-01  -1.5968571e+00   5.2285208e-01  -5.6956822e-01
   1.0000000e+00  -7.6472696e-01   3.9777244e-01   1.8196274e-02  -5.9469078e-01   6.1009847e-02  -2.1738612e-01
   2.0000000e+00  -1.2404314e+00   1.0036803e+00   4.3927997e-01   5.8513501e-02  -6.8661507e-01  -1.0152884e+00
   2.0000000e+00  -1.0660238e+00   6.8765256e-01  -6.4025773e-01  -1.5162437e-01   1.8485937e+00  -1.0900146e+00
   2.0000000e+00  -1.4318551e+00  -1.6143697e+00  -1.9409166e-02   6.8465181e-01  -3.7699731e-01  -9.4101217e-01
   2.0000000e+00   1.1884652e+00  -1.0414620e+00  -1.2772259e+00   9.5769595e-01   6.2495365e-01  -6.9365872e-01
   2.0000000e+00   8.4030833e-01  -1.0512858e+00   1.5546557e-04  -2.7624204e-01   1.3119500e-01  -7.3967769e-01
   2.0000000e+00  -1.4429511e+00   2.6517734e-01   1.5846802e-01   1.5731252e+00   1.4136420e+00   2.2122056e+00
   1.0000000e+00   1.4251050e+00   3.0193769e-01   2.1728691e+00  -6.4695669e-01   3.9999185e-01  -1.0132498e+00
   2.0000000e+00   1.1353065e-01   4.2756477e-02  -6.7986979e-02  -8.3986313e-01   1.0227161e+00   3.3154731e-01
   2.0000000e+00   1.4414394e-01  -9.5907226e-01   6.4528807e-01   1.1361962e+00   1.1136119e+00  -2.5430688e-01
   2.0000000e+00   4.3216369e-02   7.2592789e-01  -1.2014203e+00   1.3455400e+00   1.2312113e+00  -7.6099837e-01
   2.0000000e+00  -4.6188154e-01  -4.1954113e-01  -1.9269833e-01  -1.2640287e+00   1.4110685e+00  -1.3052640e+00
   2.0000000e+00  -1.1634128e+00  -3.0879488e+00   7.8095913e-01   1.4626433e-01  -3.2287515e-01  -5.5359030e-01
   2.0000000e+00   1.1533515e+00   1.3005785e+00  -1.0453558e+00   1.4167885e-01   7.9425395e-01  -1.7820249e+00
   2.0000000e+00   8.7139541e-01  -3.8064352e-01   1.0849417e-02   9.8162809e-01   1.3468561e+00  -8.1843073e-01
   2.0000000e+00  -6.5370971e-01  -1.2992475e-01   7.5833007e-01  -7.8382313e-01   1.4495010e+00  -1.4572803e+00
   1.0000000e+00  -2.3114940e-01  -1.5091989e-01  -1.9287441e-01   9.8713001e-01   6.6051036e-01  -6.1828204e-01
   2.0000000e+00   7.1782520e-01   1.3030725e+00   6.7552052e-01   1.7590631e+00  -4.5794870e-01   9.9528404e-01
   2.0000000e+00   9.7832863e-01  -1.5459075e+00  -9.9803167e-02  -4.8709396e-01   2.1766576e+00  -1.0765855e+00
   2.0000000e+00  -4.6128950e-01   1.5143547e+00  -2.2125222e-01  -1.2241184e+00  -5.2320981e-02   5.7511719e-01
   1.0000000e+00   7.9191156e-01   1.4614630e-01  -1.0070806e+00   1.1150632e+00   5.5302688e-01   1.0603424e-01
   1.0000000e+00   1.2941614e+00  -5.3087805e-01  -1.0205176e-02  -6.4515941e-01   5.5180480e-01  -3.0606551e-01
   2.0000000e+00  -1.5132820e+00   4.4588334e-01   3.3825575e-01  -1.2966690e+00   1.5499021e+00   9.7916086e-01
   2.0000000e+00  -1.0459617e+00   6.7951150e-01  -6.9020335e-01   2.4222339e-01  -2.5569641e+00   3.4962461e-01
   2.0000000e+00  -7.5071434e-01   2.3262870e-01   3.2554836e-01   7.5647403e-01  -2.9325226e-01  -4.0789932e-01
   2.0000000e+00   7.9731725e-01  -1.5898119e-02   1.5559529e+00  -3.1154309e-01  -6.9925773e-01   1.1748161e+00
   2.0000000e+00   2.4135961e+00  -1.2583677e-01  -1.0692637e+00   1.7048709e+00  -1.1816864e+00   8.3529546e-01
   1.0000000e+00   2.2408762e-01   5.5925230e-01  -2.8957430e-02  -1.4457411e+00   1.1371001e-01  -1.7427799e-01
   1.0000000e+00   2.8745244e-01  -2.6598314e-01   6.1275181e-01   8.5535722e-01   2.4485263e-02   2.7524124e-02
   2.0000000e+00   1.9999191e+00   2.3763412e-01   6.3587334e-01  -4.0128709e-01  -1.0859617e+00  -5.4820440e-01
   2.0000000e+00   7.1011113e-01   4.2887214e-01  -3.3111638e-01  -8.4208011e-01  -2.4554939e+00   2.5231968e-01
   2.0000000e+00  -5.9736069e-01  -1.8166099e-01  -1.0046475e-01   1.4453583e+00  -1.7881813e+00   1.4493023e-01
   1.0000000e+00  -8.8418139e-01   6.6824177e-01   1.0096620e+00   8.9012795e-01   6.1208694e-01   8.6621376e-01
   2.0000000e+00  -7.4566504e-02   2.3456998e+00  -4.5995840e-01   1.2488855e+00   8.0310920e-04   3.2577183e-01
   2.0000000e+00   7.7677278e-01  -1.6930507e+00   7.6967343e-02   1.8523954e+00   8.5724988e-01   4.8743330e-01
   1.0000000e+00   1.8537997e+00   7.9979676e-01   1.1181013e+00  -5.2080080e-01   1.7773787e-01   1.0448882e+00
   1.0000000e+00  -4.3634301e-01   2.0894578e-01  -6.6488581e-01  -3.5169482e-01   1.6920895e-01  -1.0731773e+00
   2.0000000e+00   6.6746640e-01   2.2529670e+00   1.0166553e+00  -1.6551972e-02  -6.8744344e-01  -3.0335822e-02
   2.0000000e+00   3.7333941e-02  -4.0689224e-01   7.8990870e-01  -8.7722924e-01   1.6417995e+00   2.4266883e-02
   1.0000000e+00   2.6569893e-01   3.3659825e-01   8.6935560e-02   1.3246543e+00   1.8957583e-01  -2.6300177e-01
   2.0000000e+00   3.3586994e-01  -1.8301940e+00  -7.1102047e-01   1.2626279e-01  -1.7019379e+00  -2.7278806e-01
   1.0000000e+00   1.4693754e+00   2.8748425e-01  -4.4427482e-01  -3.0387176e-01   1.3816002e-01   7.8829141e-01
   2.0000000e+00  -9.0329754e-01   1.6605261e+00  -5.2873676e-01  -7.3551412e-01  -1.0456925e+00   1.5793957e-01
   2.0000000e+00  -1.6740376e+00   9.2332217e-01  -1.6214355e+00   8.9296307e-01  -1.5339272e-01   6.6082226e-03
   2.0000000e+00   5.0873723e-01  -1.3734217e+00   5.4177195e-01   2.8213063e-01  -5.1981131e-01   6.5111501e-01
   2.0000000e+00   1.8550480e+00   1.7286841e-01   3.1118852e-01   5.2540300e-01  -8.8013894e-01  -7.0625817e-01
   2.0000000e+00   2.6402372e-01  -8.9665219e-01   2.2963206e+00  -8.9331342e-02  -5.4163320e-01   8.5696163e-01
   2.0000000e+00  -3.0699428e-01   9.4746594e-01   6.2337345e-01   2.1861032e+00   1.6606979e+00  -5.0799002e-02
   2.0000000e+00  -6.1072548e-02   1.1552622e+00   8.9075125e-02  -8.4296297e-01   1.2782481e-01   9.1631118e-02
   2.0000000e+00   1.2918171e+00   4.4320047e-01   1.3614263e+00   4.1212376e-01  -7.4461631e-01   2.3931285e+00
   2.0000000e+00  -5.7761360e-01  -1.5006859e+00   2.2652326e-01   1.6090351e+00   6.4836021e-01  -7.2509289e-01
   2.0000000e+00   5.9473503e-01   7.3268399e-02  -1.9486312e-01   7.7636107e-01  -1.0106777e+00   8.7017930e-01
   1.0000000e+00   5.8996783e-01  -1.7925230e-01   4.0162246e-01  -5.2602070e-02   2.7127693e-01  -8.4787655e-02
   2.0000000e+00  -4.9302051e-01  -6.5015126e-02  -7.6463610e-01  -2.8362297e-01  -3.9497931e-01  -4.9167108e-01
   2.0000000e+00  -8.3257598e-01  -3.0857695e-01   1.6172082e-01   1.0881358e+00   1.3916854e+00   1.5925676e+00
   2.0000000e+00  -1.4391927e+00   1.3087659e+00   7.9510300e-01  -1.7035794e-01   3.1406919e-01  -5.8609034e-03
   2.0000000e+00   8.8274463e-01  -1.1410992e+00  -8.9319193e-01  -1.4762510e-01  -3.1072323e-02   9.9525041e-01
   2.0000000e+00  -3.3599928e-01  -5.4720474e-01   5.1178350e-01   2.9834538e-01  -1.1298711e+00   2.5642616e-01
   2.0000000e+00  -1.4337437e+00  -1.1243855e+00   7.0037982e-03  -2.0444995e-01   8.6236800e-01  -8.1290796e-01
   1.0000000e+00   1.5935682e-01   3.5427825e-02   3.5371435e-01  -3.1046340e-01   2.0623842e-01  -8.4116483e-01
   1.0000000e+00  -5.1699345e-01  -1.0234937e-01   1.0550951e-01  -3.2890942e-01   1.2189293e-02   8.1952659e-01
   2.0000000e+00   5.7044028e-01   3.8481249e-01  -1.4041898e-01   9.6371537e-01   2.2069710e+00   7.9587767e-01
   2.0000000e+00   1.0088690e+00   2.1916222e-01  -7.8878895e-01  -4.8493082e-01   9.7841735e-01   9.3236805e-01
   2.0000000e+00   9.7156767e-01   1.6835199e+00  -3.5052613e+00  -1.7176370e+00  -5.0700111e-01   1.0213310e-01
   1.0000000e+00   4.9214317e-01   4.3501462e-01   9.8340311e-01  -2.5544564e-01   6.3956083e-01   6.7295682e-01
   2.0000000e+00   4.3766536e-01  -1.3853550e+00   1.1198020e-01   6.6035967e-01  -1.0636956e+00   1.1849081e-01
   2.0000000e+00   9.0004090e-01  -1.0173510e+00   2.9945470e-02  -1.6858837e-01   6.5204041e-01   3.0083481e-01
   2.0000000e+00  -1.9550641e+00   1.1602201e+00  -1.8305024e-01  -8.7398292e-01   4.5260747e-01  -1.0494612e+00
   2.0000000e+00   6.9182696e-01  -7.5659144e-01   1.1412585e+00   1.8912767e-01  -5.0319232e-01  -9.5772828e-01
   2.0000000e+00  -7.6337731e-03   1.0131655e+00  -7.6532722e-01  -5.4796556e-01  -2.7836955e+00   1.1515490e+00
   1.0000000e+00  -5.1599399e-02   1.8542836e-01  -7.4826356e-01  -2.4550963e-02   1.9264212e-01  -1.7459435e+00
   2.0000000e+00  -6.6963549e-01  -3.1108258e+00   1.3078665e-01  -4.6882887e-01   5.1360698e-01  -5.8696117e-01
   2.0000000e+00   1.0142888e+00  -1.0986415e+00   6.6228252e-02   2.2420918e-01  -6.2934040e-01   9.7251235e-01
   2.0000000e+00   1.7644697e+00   4.6385557e-01  -3.9954015e-01   9.2722690e-02  -7.7236577e-01  -2.2035962e-01
   2.0000000e+00   5.3354553e-01  -7.5668656e-01  -1.1534608e-01  -2.8116164e-01   6.9719789e-01  -1.3956975e-01
   2.0000000e+00   8.6318883e-01  -1.1052580e+00  -2.4909531e-01   1.8502187e-01  -7.2903448e-01   6.3012906e-02
   2.0000000e+00   3.2165824e-01   1.0361270e+00   1.2905506e+00   6.5348341e-01  -3.8140539e-02   7.9059169e-01
   2.0000000e+00  -1.4331400e+00   4.5484358e-01  -1.1937666e+00  -6.5456157e-01   9.7985422e-01  -1.6444259e+00
   2.0000000e+00   1.3406418e+00   8.8485235e-01  -2.6704013e-01  -4.0348272e-01  -4.4361319e-01   7.1479459e-01
   2.0000000e+00   4.1175986e-02  -9.4982057e-01   9.1337007e-02  -5.9767453e-01   4.4415712e-01  -1.0975826e+00
   2.0000000e+00   4.7268646e-01  -4.7350359e-01  -2.6023177e-01  -6.7755803e-01  -2.9417297e-01  -9.2822041e-01
   2.0000000e+00   7.2531862e-01   2.0315266e+00  -1.2996444e-01  -1.4516351e+00  -1.0407753e+00   1.3766371e+00
   2.0000000e+00   8.6075949e-01  -1.1713902e+00   3.7571182e-01  -2.0483456e+00  -5.4609100e-01  -1.1692024e+00
   2.0000000e+00   7.4794105e-01   1.0956681e+00  -1.7892380e-01  -7.6672820e-01  -2.3487077e-01   6.0685601e-01
   2.0000000e+00  -2.5175062e-01   3.6466656e-02  -1.3348481e+00   2.8608401e+00  -1.4034690e+00   2.3105944e-01
   1.0000000e+00   5.3074394e-01   6.7711083e-01   2.7320096e-01  -4.7356264e-01   3.2989918e-01   8.4483720e-01
   2.0000000e+00   6.7973833e-01  -1.6268206e+00   9.1414030e-01  -4.9784957e-01   6.6367798e-01   1.1800837e+00
   2.0000000e+00  -1.8513074e-02  -5.5827434e-01  -6.1403382e-05  -8.0804435e-02  -2.4674967e-02  -3.6671989e-01
   2.0000000e+00   9.7506105e-01   6.6732336e-01  -5.0546728e-01   1.0552614e+00  -1.9399547e+00   7.6139197e-01
   2.0000000e+00   3.9151615e-01   4.9271511e-01  -9.0077553e-01   1.5316738e+00  -8.2957848e-01  -6.2654331e-01
   2.0000000e+00  -1.1759484e+00  -8.8171605e-01   9.3390083e-01  -4.7491556e-01  -2.3705256e+00  -1.4144453e+00
   2.0000000e+00  -3.7392244e-01  -1.8392216e-02  -2.0764250e-01   2.1389148e+00  -7.4221143e-02  -1.1429257e+00
   2.0000000e+00   3.4464659e-02  -1.2997434e+00  -6.9478600e-01   1.5392485e+00  -1.1460216e+00   1.6325560e-01
   1.0000000e+00   8.4600942e-01  -1.2426508e-01   6.0845608e-01   3.6896078e-01   2.8366588e-01   1.2391171e+00
   2.0000000e+00  -1.0777542e+00   1.5630094e+00   8.9178269e-02   3.5545285e-01   1.0247987e+00  -1.8633972e+00
   2.0000000e+00  -1.0943644e+00  -5.1311165e-01   2.0423227e+00   1.9616086e-01  -4.3903814e-01   2.2184109e-01
   2.0000000e+00   6.5275410e-01  -7.2184662e-01   2.3890858e+00   1.0322964e+00  -1.6408948e-01  -4.7912861e-01
   2.0000000e+00   7.2813228e-01  -6.7159159e-01  -2.2426619e-01   4.2132524e-01  -7.1797113e-01  -3.9093165e-01
   1.0000000e+00   4.9278674e-01  -2.5474758e-01   1.2507315e+00  -2.1082691e+00   8.4082796e-01   1.2437709e+00
   2.0000000e+00  -3.0365952e-01  -6.9031909e-01   6.0887485e-01  -6.4636517e-01  -6.0761019e-01  -7.2423227e-01
   2.0000000e+00   1.6679468e+00  -6.6121100e-01  -4.4306105e-02  -1.4514359e+00  -1.5540500e+00   1.0288558e+00
   2.0000000e+00  -2.0763815e+00   1.2395125e+00  -5.1414426e-02   1.7105764e+00  -8.1101191e-01  -6.6014387e-01
   2.0000000e+00   2.6168628e-01   2.0663469e+00   6.5148580e-01  -3.6198367e-01   1.0610922e-01   9.7663536e-01
   2.0000000e+00  -6.4079414e-01  -8.6746857e-01  -1.3453837e-01  -7.7119529e-01  -3.8678670e-01  -1.2419737e+00
   2.0000000e+00   3.5512914e-01   9.1792493e-01   1.3247229e+00  -1.2273906e+00  -4.4936128e-01   5.8083623e-01
   2.0000000e+00  -9.5853036e-01  -6.8603869e-01  -1.9606089e+00  -2.5341302e-01  -7.0836809e-01  -1.1617434e+00
   2.0000000e+00   6.2479180e-01   2.7536260e+00   1.3339538e+00  -3.2074046e-01  -3.5339706e-01   9.5649984e-02
   2.0000000e+00   6.4448887e-01  -7.8399779e-01  -4.4547706e-01  -9.6924415e-01  -8.2662470e-01   2.3671413e-01
   2.0000000e+00   8.5597473e-01  -1.5426840e+00  -1.1066825e+00   1.0317065e+00  -1.0646263e+00  -7.7479069e-01
   2.0000000e+00  -9.0922261e-01   2.0427820e+00   9.9005858e-01  -7.3409464e-01  -1.5780157e+00  -7.6038025e-01
   2.0000000e+00  -1.5423209e+00  -8.0002639e-01   3.1943915e-01  -1.4337317e+00   6.9642673e-01   1.4330608e+00
   2.0000000e+00   4.2598407e-01   6.1229506e-01   1.4204289e-01  -5.2037094e-02   1.4685812e-01   2.3291481e+00
   2.0000000e+00   1.6411478e+00  -7.4592523e-01   1.8964281e-01   3.1883680e-01  -7.6745843e-02   1.6194860e+00
   2.0000000e+00   1.6509477e-01   2.4377481e+00  -6.2066730e-01  -7.7403185e-01  -6.8106533e-01   7.3028746e-01
   1.0000000e+00  -2.3370027e+00   3.3852601e-01   1.9825593e+00   4.9109794e-01   5.9967677e-01   3.3648611e-01
   1.0000000e+00  -1.4884777e+00  -1.9688858e-01  -5.7898396e-01  -1.0404629e+00   4.5324885e-01  -1.4169917e+00
   2.0000000e+00   4.1505126e-01  -1.9703124e-01   1.4794286e+00  -4.8900733e-02  -6.8536418e-01   5.6341804e-02
   2.0000000e+00  -1.6324079e+00   1.6258051e+00  -3.3564703e-01  -2.2030451e-01   8.1902831e-01  -1.0305907e+00
   1.0000000e+00  -2.0347871e+00   3.6286235e-01   3.4172295e-01  -9.4218548e-01   1.0145413e-01   9.0870874e-01
   2.0000000e+00   5.9307016e-01  -1.8678702e+00  -2.9357376e-01   1.1949034e+00  -8.7601170e-02   2.2238341e-01
   1.0000000e+00  -1.1181238e+00  -6.5931842e-01   1.4341769e+00   8.0478186e-02   5.7447142e-02   1.9117464e+00
   2.0000000e+00  -2.5033214e+00   1.3936455e-01  -1.8048154e+00   9.1950281e-01   1.1569641e+00  -7.7621458e-01
   2.0000000e+00   7.1015840e-01  -2.0774371e+00   1.5393646e+00   3.3920734e-01  -2.7318691e-01  -1.0352962e+00
   2.0000000e+00  -1.3163832e+00  -3.4820586e-01   7.1404150e-01   1.8808702e+00   1.7718151e+00  -7.3932206e-01
   2.0000000e+00   4.2545349e-01  -9.5463488e-01  -7.4064450e-01   4.8699419e-01   1.5267615e+00   1.6645100e+00
   2.0000000e+00  -3.5869730e-01  -2.7622221e-01  -2.1813573e+00  -8.1854124e-02  -2.0939783e+00  -9.8197042e-02
   2.0000000e+00  -1.0187161e+00   3.4057164e-01   4.9053319e-01  -1.1395555e+00   2.3347353e+00   4.2408848e-01
   2.0000000e+00   1.5323631e+00   3.5929436e-01   6.1989446e-01  -4.9682509e-01  -9.6014055e-01   3.3201597e-01
   2.0000000e+00  -4.2535823e-03  -6.4532533e-02   7.6383749e-01   7.1082735e-02  -1.0115504e+00   1.0782810e+00
   1.0000000e+00  -7.7992895e-01   9.4697315e-01   5.4873875e-03   1.0784281e+00   1.8530277e-01   1.4679711e+00
   2.0000000e+00  -6.6236212e-01   2.0264672e-01   7.6283517e-01  -6.1757395e-01  -8.3723034e-01  -1.2077966e+00
   2.0000000e+00  -2.0594057e+00   1.2345458e+00   1.7747781e+00   8.9970497e-01   9.7109887e-01  -2.1961373e+00
   2.0000000e+00  -1.2626094e-01   2.7305512e+00   7.6582381e-01   5.9238442e-01   4.7916511e-02  -6.8257958e-01
   2.0000000e+00  -2.3820599e+00   2.1567221e+00   9.6504341e-01   3.9650914e-02  -2.1178115e+00   4.1549961e-01
   1.0000000e+00  -9.3846425e-02  -3.8788050e-01  -1.2012240e-01  -1.5473747e-01   2.5077516e-03  -7.9790929e-02
   2.0000000e+00  -2.3685953e-01   9.3473362e-01  -2.3043320e-01   1.2967459e+00   6.6858058e-01   4.4828237e-01
   2.0000000e+00   1.5443496e+00  -1.7955866e+00  -1.2013345e+00  -1.1235130e+00   4.1663539e-01  -7.9394906e-01
   2.0000000e+00  -1.1288779e+00   1.5028004e+00  -9.2948321e-01  -1.9231426e+00  -1.2490533e+00  -4.4348874e-01
   2.0000000e+00  -5.2790155e-01  -3.9359577e-02  -4.3296377e-02  -6.3605328e-01   1.5571675e+00  -1.2703863e+00
   1.0000000e+00   3.5314498e-02  -2.3258140e-01   2.4432136e-01   7.0426234e-01   3.1010499e-01  -5.3344943e-01
   2.0000000e+00  -9.7942553e-01  -1.0040166e+00  -1.3076040e+00   4.1721346e-01  -3.7498849e-01  -1.1351869e-02
   2.0000000e+00   9.3064823e-01  -1.8863002e+00   1.7373134e+00  -2.0661851e-01  -1.9166019e+00  -1.2140617e+00
   2.0000000e+00  -9.4223843e-01   1.2268877e-01  -1.4833265e-01   2.3768857e+00  -8.1159056e-01   1.3306422e+00
   1.0000000e+00  -7.2146290e-01   1.5035234e-01   6.4723619e-01   1.5271652e-01   6.3229310e-01  -2.6755849e-01
   2.0000000e+00  -6.4452757e-01   3.9577957e-01  -5.9612511e-02   1.4942893e-01   1.7341423e+00  -6.7356498e-01
   1.0000000e+00   2.7544487e-01   4.3371283e-01   1.3540383e+00  -6.5573299e-01   2.5354589e-01   6.5169860e-01
   2.0000000e+00  -3.2180028e-01  -1.3044280e+00  -1.8276125e-01   2.1212127e+00   1.2842292e+00   7.5870916e-01
   2.0000000e+00  -7.3905659e-01   4.0018552e-01   1.2752748e+00   4.6643625e-01  -5.2949257e-01   2.5228986e-01
   2.0000000e+00   1.1504876e+00   4.8281723e-01   7.7704231e-01   4.9690095e-01  -1.5741374e+00   2.5509547e-01
   2.0000000e+00  -1.1534052e+00   8.7373744e-01  -8.6823045e-01   8.9279276e-01  -1.1090866e+00  -1.2197920e-01
   2.0000000e+00  -1.8085860e+00  -1.0511795e-01  -1.9010870e+00  -1.2411986e+00  -2.7184863e+00  -2.0064661e-01
   2.0000000e+00  -2.5627735e-01  -1.7561072e+00  -5.4012277e-03   5.4212815e-01   1.3382197e+00   5.6654813e-01
   2.0000000e+00  -3.3098934e-01   1.4201017e+00  -1.3901174e-01  -5.8876718e-01   7.2678496e-01   7.9162858e-02
   1.0000000e+00   6.8123653e-01  -7.5520206e-02   3.6671203e-01   6.8576336e-01   4.8454825e-01   4.9338699e-01
   2.0000000e+00   9.4500550e-01  -9.7699754e-01   1.2819518e+00  -6.1877114e-01  -5.3229111e-01  -1.1509127e+00
   1.0000000e+00   5.1889625e-01   5.9781490e-01  -8.3007306e-01   9.6566687e-02   4.5890603e-01  -2.5894935e-01
   2.0000000e+00   2.9608643e-01   9.0414806e-01  -2.7398192e-01   1.4941760e+00  -2.9095562e-01   1.8307390e+00
   2.0000000e+00  -5.4983637e-01   3.7857197e-01   3.8317769e-01  -2.2635594e-01  -1.0701099e+00   6.5284189e-01
   2.0000000e+00  -4.6985781e-01  -8.0984942e-02  -1.7418111e+00   1.3813696e-01  -8.8401411e-01   6.1137910e-01
   2.0000000e+00  -5.7192167e-01   4.6790027e-01  -1.3559062e+00  -3.1817223e-01   1.1318155e+00   1.6847158e+00
   2.0000000e+00   8.5574845e-01   1.6468757e+00  -3.8223800e-01   1.0110341e-01  -1.0582494e+00   2.1955491e+00
   1.0000000e+00  -1.3205081e-01  -2.4714734e-01  -9.9297322e-01  -1.2852038e+00   1.0979238e-01   3.6631977e-01
   2.0000000e+00  -1.4515273e+00  -1.6087298e-02  -6.5475605e-01   5.5849473e-01  -1.9069960e+00  -7.4455147e-01
   2.0000000e+00  -5.6127817e-02  -1.6443596e+00   7.0688839e-01   7.8871526e-01   2.0257141e+00  -5.7572655e-01
   1.0000000e+00   6.8513641e-01  -6.8450997e-01  -2.0303468e-01  -7.0711678e-01   5.7351577e-01   1.3574199e+00
   2.0000000e+00  -4.4125096e-01   1.3689284e+00   4.7339032e-01  -6.5593157e-01   2.6621862e-01  -1.6908519e+00
   2.0000000e+00   1.3681388e+00  -1.5771276e+00   1.9254182e-01   4.6192728e-01   9.0085933e-01   2.6567523e+00
   2.0000000e+00   2.0669014e-01   1.1852460e+00   1.4667988e+00   6.5865650e-02   2.1224734e-02  -2.0100365e+00
   2.0000000e+00   5.6310296e-01   1.0089782e+00   1.2115570e+00   5.9454492e-01  -7.3762199e-01  -4.5274565e-01
   2.0000000e+00  -2.2338314e+00  -6.0432097e-01   5.4602141e-03   3.2920785e+00  -2.3953366e+00   1.4325034e+00
   2.0000000e+00   1.2289125e+00   8.6522508e-01  -1.7174583e-01   5.2415440e-02  -1.7646157e+00   1.5920891e+00
   2.0000000e+00   7.9045851e-02   1.3535640e+00   4.3767835e-01  -9.9204496e-01  -4.5100409e-01  -1.0121654e-01
   2.0000000e+00  -1.1720341e+00   6.6221995e-01  -2.5920727e+00   1.3949270e+00  -7.9124701e-01   2.7019122e-01
   2.0000000e+00  -1.2411978e+00  -5.1143556e-01  -2.3397836e+00   2.7577116e-01  -4.7829504e-01  -5.0264459e-01
   2.0000000e+00  -1.7341839e+00  -1.8341721e+00   5.5599142e-01  -1.7501326e+00   9.6204855e-01   1.1415371e+00
   2.0000000e+00   1.1334474e+00  -4.9597769e-01   6.5969818e-01  -7.0052618e-01  -9.1751827e-01  -1.1647516e+00
   1.0000000e+00   7.3189825e-01  -2.7665079e-01   5.9265246e-01  -1.4127002e-02   9.7354046e-02  -4.2798106e-01
   2.0000000e+00   4.3094871e-01  -1.5725355e+00  -7.2882256e-02  -7.6708122e-01  -6.3674303e-01   1.1907649e+00
   1.0000000e+00  -2.2751626e-01   2.4074011e-01  -1.0034233e+00  -1.2077973e+00   4.1631419e-01  -3.1590801e-01
   1.0000000e+00   3.2548477e+00   4.3013729e-01  -4.5189789e-01  -1.0557932e-01   4.0479498e-01  -1.8617414e+00
   2.0000000e+00  -8.3304223e-01   3.1840153e-02   8.7989675e-01  -5.1606870e-01  -3.4536171e-01  -4.7761267e-01
   2.0000000e+00  -1.1938526e+00  -1.0355614e+00  -4.6314573e-01   1.4500615e+00   3.2445818e-01   2.8193055e+00
   2.0000000e+00  -8.2868062e-02  -1.0654992e+00  -1.6381872e+00   2.3944972e-03   2.0738623e-01  -7.9466013e-01
   2.0000000e+00  -1.3717414e+00  -4.7935345e-01  -9.7575013e-01   1.4760719e-01   9.6520251e-01  -1.1606913e+00
   2.0000000e+00   1.6918241e+00   1.5764049e+00  -8.8610372e-01  -6.6146410e-01   5.1821221e-01  -2.5174399e-01
   2.0000000e+00   6.9955553e-01   9.8588629e-01   8.4967208e-01   5.9085328e-01   9.9635801e-01  -1.2434102e+00
   2.0000000e+00   1.6587761e+00  -1.5771476e+00  -3.1332440e-01  -5.0743570e-02   5.3123589e-01   1.4788428e+00
   2.0000000e+00  -1.6147196e+00  -1.7907244e-01   4.1055916e-01   6.1619383e-01  -9.2777763e-01   2.6579567e-01
   2.0000000e+00   4.3318988e-01  -1.8395988e+00   6.6119617e-01   1.3366593e+00  -3.4197083e-01   3.3857178e-01
   2.0000000e+00   1.1000477e+00   8.6608560e-02  -4.9130003e-01   9.8612341e-01  -4.6418670e-01   9.2986159e-01
   2.0000000e+00   3.0837680e-01  -6.9609555e-01  -1.4066336e+00  -1.7243269e+00  -8.2232863e-01   5.2023853e-01
   1.0000000e+00  -1.4413829e-01  -1.0668276e-01  -4.3249326e-01   7.6329669e-01   2.4210596e-02   1.6183270e+00
   2.0000000e+00   1.4735640e-01  -1.5092729e+00   1.5234982e+00   1.0793547e+00   3.4347322e-01   3.7291994e-01
   2.0000000e+00   2.5216199e-01  -8.9322489e-01  -6.1442089e-01  -1.8547542e-01  -6.9677379e-01   3.8607540e-02
   2.0000000e+00   8.0496875e-01   1.6570310e+00   1.5905700e+00  -1.6647951e+00   1.9401212e+00  -1.1228356e-01
   2.0000000e+00  -1.0655300e+00   1.3690752e+00  -5.5676784e-01  -4.0038601e-01  -6.8803140e-01   6.8744733e-01
   2.0000000e+00   5.0945532e-01  -1.3749283e+00   3.4792621e-01   9.8862862e-01  -1.6494457e+00  -2.3501281e-02
   2.0000000e+00  -3.7300203e-01  -2.6866835e-01  -1.6645069e+00   1.2489315e+00  -2.0582490e+00  -1.9494296e+00
   2.0000000e+00  -6.1281545e-01  -5.1972540e-01  -6.7953514e-01  -6.7623901e-01  -3.2485209e-01   1.8877895e-02
   2.0000000e+00  -9.4014942e-01   8.9699813e-01   3.6029988e-01  -4.5664308e-01   8.7866373e-01  -3.6864791e-01
   2.0000000e+00  -7.2514537e-01  -6.9106532e-01  -5.5971414e-02  -2.3060953e-01  -1.2048046e+00   1.6102299e-01
   1.0000000e+00  -1.4740019e-01  -3.4367438e-01   1.0536768e+00  -4.4653206e-02   9.1790583e-01  -9.9823171e-01
   2.0000000e+00   3.8869418e-02   3.1840956e-01   1.3973583e+00   1.1934167e+00  -7.1913168e-01  -5.7543143e-01
   2.0000000e+00  -1.2703562e+00   1.1265630e+00   7.1934958e-01  -6.4749230e-01  -6.4993170e-01  -1.5375616e-01
   2.0000000e+00  -5.6398538e-01   1.9600071e-01  -7.7536581e-02  -5.4911927e-01   1.5242977e-01   2.0229326e+00
   2.0000000e+00  -2.1384652e-01  -2.0432048e+00  -1.5229097e+00  -5.5515295e-01   1.8473744e-01  -6.3523041e-01
   2.0000000e+00   4.6377792e-01   4.2789006e-01  -1.4398657e+00  -5.5398314e-01  -1.2657025e+00  -1.5801040e+00
   2.0000000e+00   3.2311377e-01   9.8431029e-02  -4.2432533e-01  -5.5219592e-01   1.1390398e+00   7.3057945e-01
   1.0000000e+00  -3.3428026e-02   2.3335965e-01  -1.4612564e+00  -1.2989916e+00   3.0774557e-01   3.7267611e-01
   2.0000000e+00   4.8932998e-01   1.8514805e+00  -1.4339168e+00  -5.1961289e-01  -1.6303590e+00  -1.9170225e+00
   2.0000000e+00  -9.1936186e-01   7.6869290e-01   1.8324672e+00   2.2323987e-01  -4.6840750e-01   6.9448466e-04
   2.0000000e+00  -7.9600969e-01   1.1278174e+00  -1.1806917e+00  -1.5298838e+00   1.2536945e+00   6.7763617e-01
   2.0000000e+00   1.2546811e+00   3.9976778e+00  -9.9015369e-01  -2.0628348e-01  -5.5896492e-01   1.2278492e+00
   1.0000000e+00  -1.7240874e+00   2.9009059e-01   1.4533500e-01   1.8537502e-01   7.3023755e-01   8.7675536e-02
   2.0000000e+00   1.7240061e+00   2.0674618e+00  -7.2504002e-02  -1.4804066e+00  -1.1537482e+00   8.0919646e-01
   2.0000000e+00   2.9767111e-01  -1.5468481e-01   1.7141907e+00   8.0866123e-01   1.8643061e+00  -5.1292328e-01
   2.0000000e+00  -1.7330089e+00   3.5719258e-01  -7.7175439e-01  -7.8802549e-01  -1.9381535e-01  -7.6905004e-02
   2.0000000e+00  -9.5533928e-02   5.0415360e-03   1.5514088e+00   1.9962246e-01  -2.1073037e+00  -9.4974256e-02
   2.0000000e+00   9.2285888e-01   1.8266873e+00  -5.6424254e-01   9.9503154e-01   9.6926698e-02   1.3854954e-01
   2.0000000e+00   9.7204569e-01  -6.7373471e-01   8.8147076e-01   1.8368730e-01  -1.1646310e+00  -3.6258645e-02
   2.0000000e+00  -1.9041349e-01  -8.7751351e-01  -6.6562122e-01  -1.7787939e+00   8.9466877e-01   8.4558276e-01
   2.0000000e+00   5.2626315e-01  -1.3654561e+00  -4.4705243e-01  -1.2763050e-01  -5.6035525e-01   1.7922886e+00
   2.0000000e+00  -1.9175540e+00   1.0195584e+00  -8.4194126e-01  -1.6183020e+00   5.1129813e-01  -5.7349691e-01
   2.0000000e+00  -1.7696288e-01   4.5612328e-01  -9.7821737e-01   9.1277332e-01  -2.8728322e-01   1.1495563e+00
   2.0000000e+00   2.2338603e-03  -7.7685798e-01   2.6907232e+00  -3.9455145e-01  -6.2668170e-01   6.2017547e-01
   1.0000000e+00  -5.4191894e-01  -4.3875430e-01  -8.6244552e-01  -1.5469879e+00   3.0799321e-01  -6.7001875e-01
   2.0000000e+00   6.1102919e-01  -8.3854845e-02   7.8665528e-01  -3.4440659e-01  -3.1056284e-02   1.0523275e+00
   2.0000000e+00   2.6985756e-01  -1.3785759e+00   1.9496059e+00  -2.5348023e+00   8.9916735e-01   1.3279805e-01
   2.0000000e+00  -2.9376122e-02  -1.8117705e-01  -1.7614175e+00   1.5890160e+00  -4.5030684e-01  -4.1065809e-01
   2.0000000e+00   9.8719129e-01  -1.1828447e+00  -1.3570716e-01   4.9702816e-01   1.1444156e+00  -1.7329951e+00
   2.0000000e+00   1.5197667e+00   1.2544345e+00  -2.0120432e-01  -1.0053203e+00  -8.5530571e-01   2.3385782e-01
   2.0000000e+00   2.9887933e-01   5.9420112e-01   5.2867631e-01   3.7392485e-01  -3.7263573e-01  -2.7583398e-01
   2.0000000e+00   2.2848340e-01  -1.5222030e+00  -5.3252597e-01   1.5766248e+00   1.4103215e+00   2.0035848e-01
   2.0000000e+00   3.5323423e-01  -6.5408592e-01  -1.2121127e+00   9.6533678e-01   1.1530324e+00  -6.8619240e-01
   2.0000000e+00  -1.2930508e-01  -2.0625563e+00   3.2887623e-01  -1.2473886e+00  -5.7708817e-01  -1.1053921e+00
   2.0000000e+00   6.4541666e-01   6.1937602e-01   4.9835911e-01   6.0790645e-01  -9.3062987e-01   2.4351853e-01
   2.0000000e+00   7.2057173e-02   1.3145469e+00   9.0606271e-01  -9.9538180e-01  -1.3185482e+00  -4.7114343e-01
   1.0000000e+00   8.3936320e-01   1.3471834e-01   1.1836318e-01   2.5217003e-01   4.2242183e-01   3.1648886e-01
   1.0000000e+00  -5.9996563e-01   5.5822772e-01  -6.3494916e-01   7.0781661e-01   6.8302431e-01  -1.3220446e+00
   2.0000000e+00   1.1482126e-02   1.4899962e-01   1.2840772e+00   1.5654275e+00  -2.2435273e-01  -4.3150770e-01
   2.0000000e+00  -8.4555152e-01  -1.9146203e-01   2.1966500e+00   7.3099439e-01  -1.2993392e+00   5.9583547e-01
   2.0000000e+00  -2.5695890e+00  -4.4959414e-01   2.6375042e-01  -1.0997795e+00  -7.5916594e-01   1.5770338e-01
   2.0000000e+00  -7.1608022e-01  -1.2142468e+00  -1.3534830e-01   4.7416915e-03  -2.7053950e-01   9.8885195e-01
   2.0000000e+00  -3.9569052e-01  -1.6599348e-01  -1.1663888e+00  -4.5269690e-01  -8.1400279e-01  -9.3541061e-01
   2.0000000e+00   1.0990230e-01  -1.1462222e+00  -4.0233039e-01  -6.9472394e-01  -3.3201012e-01   4.6262806e-02
   1.0000000e+00   1.9314319e+00  -6.1226451e-02   2.8571928e-01   1.2048738e+00   4.1942196e-01   1.1735353e-01
   2.0000000e+00   1.2395009e+00   1.4795673e+00  -7.8995209e-01   1.4487492e+00   1.5749702e+00  -1.0530830e+00
   2.0000000e+00   8.0349542e-02  -8.5245563e-01  -1.3049934e+00  -1.4818333e+00  -1.1429659e+00   4.8566224e-01
   2.0000000e+00   7.0091654e-01   6.4531875e-01  -1.0256088e+00  -1.0067822e+00  -1.0758499e+00  -6.4906173e-01
   1.0000000e+00  -1.4054506e+00  -1.6600590e-01  -2.5408160e+00   5.5713284e-01   2.8507247e-01  -5.2669659e-01
   2.0000000e+00   5.3876280e-01  -1.3875552e+00  -1.5947076e+00  -1.0882119e+00   1.2019222e-01  -1.0752769e-01
   2.0000000e+00   1.1351737e+00  -4.6879318e-01   6.1351097e-01   3.1659776e-01  -7.6352858e-01   1.2367429e+00
   2.0000000e+00  -1.2015530e+00  -1.1021449e-01  -7.8365112e-01   1.0303568e+00   1.1067207e+00   2.5128787e-01
   2.0000000e+00   1.8693509e+00  -8.5986781e-02  -1.2143424e+00  -3.2849519e-01   1.0612777e-01   2.0670070e+00
   2.0000000e+00   4.0505231e-01   3.1743036e-01  -1.7736072e-01  -2.4569705e-01  -5.2797010e-01   1.5595204e+00
   2.0000000e+00  -1.2437721e+00   1.6691780e+00  -8.6024215e-01   1.1002835e+00   2.0169364e+00   1.6879129e-01
   2.0000000e+00  -1.6511754e-01   2.3241741e-01  -3.2133943e-02   9.9827602e-01  -7.5814238e-01  -2.2800036e-01
   2.0000000e+00   8.6116088e-01  -5.3463455e-01  -1.5745035e+00  -2.0463487e-01  -6.0127022e-01   9.6765169e-01
   2.0000000e+00  -1.1275390e+00   1.5944082e-01   1.0766759e+00  -7.9304542e-01  -1.8913182e+00  -2.1445771e-01
   1.0000000e+00   7.2959288e-02  -7.0771592e-01   7.1158974e-01  -1.2272258e+00   3.2002772e-01  -1.8047525e+00
   2.0000000e+00   5.0228277e-01   1.8364429e-01   4.0401104e-01   8.4519444e-02  -6.7554822e-01   2.0004954e+00
   2.0000000e+00   8.4867855e-01  -1.4668563e+00   1.9941968e+00  -8.4724414e-01  -6.9681166e-01  -1.1336608e+00
   2.0000000e+00   1.7714071e+00  -5.1065238e-01  -7.8042451e-01   8.8266374e-01  -9.1790837e-01  -9.5393565e-01
   2.0000000e+00  -6.7296045e-01  -6.0932083e-01  -5.1076047e-01  -8.7862473e-01  -2.2780728e-02  -1.4513648e+00
   2.0000000e+00   6.5477051e-01   1.3150037e+00  -6.2411531e-01   4.8323716e-01  -1.5607970e+00   5.0080602e-01
   2.0000000e+00  -1.1229842e+00   2.7796461e-01   1.1861982e+00   4.7154397e-01  -8.5539817e-02  -2.0443010e-01
   2.0000000e+00   3.1727985e-01   6.2653908e-02  -9.4007056e-02  -7.2621752e-01  -2.1095982e-01   8.2081547e-02
   1.0000000e+00  -5.4149853e-01   7.6393724e-01   1.2286331e+00  -9.3197237e-01   3.9824884e-01   1.6032643e+00
   2.0000000e+00   7.6981616e-01  -1.2196723e+00  -6.6305408e-01  -1.1449668e+00   6.0007334e-01   5.1366630e-02
   2.0000000e+00   1.2399133e+00   6.3103215e-01  -5.5162666e-01  -5.3719927e-01   1.9268101e+00   1.4089859e+00
   1.0000000e+00  -2.2637235e-01   2.4689271e-01   2.5099636e-01  -3.1702360e-01   5.0979731e-02  -5.0039721e-01
   2.0000000e+00  -2.8303404e-02   5.5370495e-01   5.6123830e-01   1.3424068e+00  -4.3268908e-01  -1.1621209e+00
   2.0000000e+00   5.8967462e-01   2.9297208e+00   1.7350717e+00  -7.9790775e-01   1.0267405e-01   7.6028471e-02
   1.0000000e+00   1.0933046e+00   9.1688686e-02  -4.9608635e-01  -3.5669006e-01   4.4506086e-01   1.0368048e+00
   2.0000000e+00   3.5546519e-02   3.0080387e-01  -3.0622615e+00   8.2150009e-01  -1.2451209e+00   2.2658784e+00
   1.0000000e+00  -2.1922746e+00  -3.0868125e-01   3.9444345e-01   4.0673349e-01   8.3022237e-01  -1.1329958e+00
   2.0000000e+00  -6.3824098e-01  -3.9834681e-02   4.7367481e-01   1.5054659e+00  -2.4314732e-01  -1.4601879e+00
   2.0000000e+00  -1.0157413e+00   1.6709272e+00   7.1043619e-01   3.0010544e-01   4.9733481e-01  -1.2222192e+00
   2.0000000e+00   5.9537646e-01   1.2776230e-01   4.3126957e-01  -1.7381611e-01  -4.7603338e-01  -1.3093315e+00
   2.0000000e+00   8.7274605e-01  -4.3897633e-02  -3.8397508e-01   1.9325393e+00  -2.1824097e-01   2.6931556e-01
   2.0000000e+00  -8.3473408e-01  -8.0510666e-02  -1.1279654e+00  -2.0211626e-01   1.0385951e+00  -7.4282421e-01
   2.0000000e+00   2.7325278e-01  -4.2647374e-01   7.8943152e-02   1.6911425e+00   9.3470170e-01   4.2117051e-01
   2.0000000e+00   1.5100686e-01   1.8238131e+00   8.5476968e-01  -8.9850207e-01   1.2252801e-01  -2.4561122e-01
   2.0000000e+00  -2.3183857e-01  -1.3339844e+00  -1.4775502e-01  -1.0586643e+00   5.0593621e-01   1.3383665e-01
   2.0000000e+00   2.1669990e+00  -7.7922012e-02  -7.1341893e-01  -1.2854187e+00  -1.1082185e+00  -1.5508979e+00
   2.0000000e+00  -5.4205252e-01  -4.7187423e-01   1.2098835e+00  -5.8753904e-01   1.2133497e+00  -5.0852276e-02
   2.0000000e+00  -1.8997057e-01   3.2672997e-01  -4.4561511e-01  -3.8987224e-01  -5.3975527e-02  -7.0254562e-02
   2.0000000e+00   1.4416503e+00   1.0812037e+00   1.5111265e-02  -1.6071409e+00   1.7108582e+00  -4.6525636e-02
   2.0000000e+00  -8.4297808e-01  -3.8034703e-01  -8.9052856e-01   1.0539093e+00   1.6512648e+00   7.5761433e-01
   2.0000000e+00   1.2785922e+00   1.3346971e-01  -4.8143504e-01  -1.8525679e+00  -1.0439469e+00  -4.7233629e-01
   2.0000000e+00   1.1735195e+00   8.4838455e-01  -7.7804640e-01   2.6437499e-01   1.0415994e+00   9.0162711e-01
   2.0000000e+00   3.5609457e-01  -1.0742141e+00   2.1298508e-01  -8.3588170e-01   5.7907417e-01   4.2840545e-01
   2.0000000e+00  -6.8159888e-01   6.7970408e-01  -1.4142603e+00   2.3424365e-02  -3.1066307e-01  -6.2033578e-03
   2.0000000e+00   6.9652788e-01   1.1202148e+00  -1.0509892e+00   1.1916157e+00  -1.2274716e+00   6.6096533e-01
   2.0000000e+00  -1.8033146e-01  -7.1854399e-02   6.4750463e-01  -6.7345194e-01   1.8361854e+00  -1.5255368e-01
   1.0000000e+00  -4.1361443e-02  -4.8227321e-01   2.1298553e-01   7.1715351e-01   3.7306684e-02   6.1811307e-01
   2.0000000e+00   7.5786603e-02   8.2323698e-01   4.4554216e-01  -1.3820425e+00  -1.8839488e+00   5.8863815e-01
   2.0000000e+00  -9.1706732e-01   3.1249566e-01   1.0226847e+00   1.5516837e+00  -1.5124776e-01   5.7328911e-02
   1.0000000e+00  -2.0447874e+00  -6.6568355e-01  -8.7415125e-01  -2.9310028e-01   5.9389796e-01  -1.1966887e+00
   1.0000000e+00   1.9683940e+00  -1.2102089e-01  -5.3695786e-01  -3.4797947e-01   8.9921998e-01  -2.5929521e-01
   2.0000000e+00  -4.2958522e-01   1.2988521e-01  -1.2632676e-01   5.2314996e-01   1.0057776e+00   5.1292960e-01
   2.0000000e+00  -1.3796097e+00  -1.4786656e-01   1.1442143e+00   9.1061661e-02   1.5250736e+00  -1.1891139e+00
   2.0000000e+00  -1.1349181e+00  -1.3356285e+00  -1.9403596e+00   1.0775088e-01   4.0812504e-01  -2.7610686e+00
   2.0000000e+00  -1.0167831e+00   2.6854614e-01   9.9882946e-01   6.9312365e-01  -1.0747731e+00   1.0396771e-01
   2.0000000e+00   9.4280067e-01   6.4226806e-01   6.3114934e-01  -8.7139596e-01   1.0301847e+00   2.1528051e+00
   2.0000000e+00   1.8086889e-01   1.5629872e+00  -9.6710590e-01   8.7037630e-01  -1.0263461e+00  -1.3527952e-01
   1.0000000e+00  -1.9782743e+00  -4.4419600e-01  -1.5083151e+00  -2.0197421e+00   2.2817519e-01  -6.0588154e-01
   2.0000000e+00   1.0725878e+00  -2.6667812e+00   4.6378120e-01   5.8671790e-01  -8.8374854e-01   3.8695070e-01
   2.0000000e+00  -2.9226501e-01  -3.9291920e-02   1.2025166e+00  -4.5177389e-01   1.3211839e-01   2.0713274e+00
   1.0000000e+00  -1.2363465e+00   2.4588497e-01   1.2550771e+00   2.8550864e-01   3.1558077e-01  -2.6314296e-01
   2.0000000e+00  -2.6155292e-02  -1.7187821e+00  -4.1597109e-01   1.2558305e+00   8.5196941e-01   1.9452477e+00
   2.0000000e+00  -1.0827068e+00  -1.7311828e-01  -1.8844033e-01  -1.7302228e+00  -2.3561363e+00  -5.3193968e-01
   2.0000000e+00  -9.4830477e-01   5.1650570e-01  -1.4125948e-03  -1.4996059e+00   1.4291432e+00   2.0184440e+00
   2.0000000e+00  -1.2547821e+00   1.4356379e+00  -5.7446418e-01  -1.9771405e+00  -2.7374309e-01   1.2243006e+00
   2.0000000e+00   9.5751548e-01  -5.8313831e-01   2.4370543e-01   8.7410701e-01   2.0539136e+00   1.0830560e+00
   2.0000000e+00   1.0941096e+00   1.4143433e+00   5.5675907e-01  -5.2496055e-02   1.2391729e+00   1.1709766e+00
   2.0000000e+00   2.7083214e-01  -3.2196179e-01  -1.5112431e+00   5.5943171e-01  -3.4044599e+00   1.1664115e+00
   2.0000000e+00  -1.7331759e-01   1.1202403e+00   3.3907257e-01  -3.4576935e-01  -2.9374352e-02  -3.0892532e-01
   2.0000000e+00  -6.9201970e-01  -1.0033026e+00   6.3493962e-01  -5.9014192e-01  -1.9782153e+00   1.9634243e-01
   2.0000000e+00  -1.5304591e+00  -1.9637997e-01   1.0748272e+00   3.9990438e-01   1.2275481e+00  -2.1309097e-02
   2.0000000e+00   1.3399407e+00   4.8941551e-01  -1.2377019e+00   6.6236233e-01  -7.2896586e-01  -2.5375950e-03
   2.0000000e+00   2.8109042e-01   3.9596402e-01   1.1165059e-01  -9.6495972e-01  -9.9939668e-01   1.0617225e+00
   2.0000000e+00  -8.5577858e-01   5.6362340e-02   1.8345588e+00  -3.6929398e-01   1.4355895e+00   3.3790646e-01
   2.0000000e+00   8.9790882e-02   9.4896641e-01  -7.4757588e-01  -1.7912067e+00  -3.5886861e-01  -2.6505761e-01
   2.0000000e+00  -1.0146470e+00  -5.5552297e-01  -4.7915380e-01   1.8935170e+00  -4.9104531e-01  -6.0171125e-01
   2.0000000e+00   1.7874531e-01  -5.9105216e-01   3.2108824e-01   3.1310039e-02  -4.7547592e-01  -1.4898291e-01
   2.0000000e+00   4.5297594e-01  -8.0721586e-01   2.1994353e+00   6.6864599e-01  -2.4826116e+00   5.2500659e-01
   2.0000000e+00  -7.4991245e-01  -1.6406453e-01   9.1829306e-02   4.6691661e-01  -9.9448358e-01   3.0904358e-01
   2.0000000e+00  -4.4953330e-01   1.0758619e+00   3.6817071e-01  -7.3760446e-01  -3.0044005e-01   2.4227549e-01
   2.0000000e+00  -2.1296730e+00  -8.7992861e-01   5.9243082e-01   1.2629370e+00   1.2235113e+00  -2.5421151e-01
   2.0000000e+00   1.9397114e-01   3.4220928e-01   9.6504553e-01   4.8539947e-01   1.4343089e+00  -7.3910704e-01
   2.0000000e+00  -7.1594986e-01   2.9990766e-01  -7.6978782e-01  -1.4096578e+00  -9.2474865e-01   7.4796429e-01
   2.0000000e+00  -5.6260417e-01  -2.0545013e+00   7.9022059e-01   6.2911889e-01   5.0954052e-01   1.1422792e+00
   1.0000000e+00   5.5608734e-01   5.0473303e-01  -7.0199296e-01  -8.4764370e-01   6.0192106e-01  -1.6048499e-01
   2.0000000e+00   2.5350334e+00  -6.3390854e-01  -1.2034341e-01   6.4863221e-02   8.4562823e-01   2.1077752e-02
   2.0000000e+00   1.8018235e+00   3.6751171e-02  -8.9962957e-01   7.1177390e-02  -1.1044428e+00  -7.7458121e-01
   2.0000000e+00  -3.4256809e-01  -1.0072754e+00  -4.9662134e-01   6.0085156e-01   3.2226812e-01  -2.2225426e+00
   2.0000000e+00   2.1675706e-02   2.4389547e-01  -6.6880741e-01  -4.0232025e-02  -2.8712281e-01   9.3211945e-01
   2.0000000e+00   4.9152016e-01  -2.5923761e+00   7.5872004e-01  -3.0418077e-01   1.2221683e+00   6.2649895e-02
   2.0000000e+00   1.9462792e-01  -6.7089316e-01  -2.1633481e+00  -1.4319896e+00  -2.4913708e-01  -1.3915875e+00
   2.0000000e+00  -7.2470316e-01  -8.7142519e-02   1.0428053e-01  -2.4135504e+00  -8.9040757e-01   4.1651385e-01
   1.0000000e+00  -1.2755894e+00   8.1266135e-01  -5.7651281e-02  -4.0570671e-01   3.3939541e-01   9.0653629e-01
   2.0000000e+00   7.1761952e-01   8.6575256e-01   6.8861154e-02  -8.3557942e-01  -8.1806109e-02  -3.5017314e-02
   2.0000000e+00  -1.4482804e+00   3.0962937e-01   6.0928829e-01   8.0827113e-01  -8.0999815e-01  -1.7460985e-01
   2.0000000e+00  -1.8196624e-03   8.6445353e-01  -1.4837736e+00   1.1230033e+00  -3.4025271e-01   1.9345328e+00
   1.0000000e+00   3.6672141e-01   2.9242050e-01   1.2531338e+00  -1.1571881e+00   9.2129201e-01  -1.3866638e+00
   2.0000000e+00  -6.4231895e-01  -7.9260749e-01   8.3648866e-02   2.0162869e+00  -4.8618549e-01   1.4384479e-01
   2.0000000e+00  -3.9151239e-01  -1.0254748e+00   1.7063864e+00   1.8368113e+00   7.8669613e-01   1.3617903e+00
   2.0000000e+00  -1.8793710e+00  -2.6987705e+00  -6.0417278e-01   4.1230624e-01   3.3893171e-01  -1.6023141e+00
   2.0000000e+00  -1.0881901e-01   4.7803509e-01  -2.9342266e-01   5.5397625e-01  -2.4095778e-01   5.2810232e-01
   2.0000000e+00   1.0518812e+00  -8.1314302e-01  -7.3225338e-01  -2.3136228e+00  -6.9981566e-01  -1.7248277e+00
   1.0000000e+00   1.6686006e+00  -2.2637994e-01   6.7920253e-01  -6.0701758e-01   3.2207331e-01   6.4206942e-01
   2.0000000e+00  -3.0092690e-01   4.4092855e-01  -7.2140666e-01   1.3991603e+00  -3.7367770e-01   1.9746232e-01
   2.0000000e+00   1.0423989e+00  -5.3253477e-01  -1.1507297e+00  -1.0588165e+00  -1.0941592e+00  -3.0884132e-02
   2.0000000e+00  -9.6374459e-01  -1.8701453e+00   1.3774386e+00   3.6501774e-01  -9.1573474e-01   1.3283513e+00
   1.0000000e+00   1.4864229e+00   6.9447647e-01  -1.3917363e-01  -1.7648008e+00   6.0028793e-02  -1.1319983e+00
   2.0000000e+00   3.3534205e-01  -1.6196364e-01   1.0831962e+00   3.1578296e-01  -1.7122579e-01  -1.2210375e+00
   2.0000000e+00   1.0931120e+00   2.4172901e+00   3.1029201e-01   1.0146958e+00  -6.1783992e-01   3.7707561e-01
   1.0000000e+00  -1.6405428e+00  -5.5134651e-01   4.0817443e-01   1.8861406e-01   2.9998960e-01  -1.1626399e+00
   2.0000000e+00  -7.0568492e-01   1.2276838e+00   1.6002655e+00  -1.3291880e+00  -3.8293991e-01   6.9988555e-02
   2.0000000e+00  -1.1482401e-02  -2.5910695e-01   1.5042209e-01  -1.6034405e+00  -3.1137902e-01  -6.0189034e-01
   2.0000000e+00  -5.7648805e-01   9.3367658e-01   6.8278980e-01  -9.2633269e-01   8.9993001e-01   1.4033677e+00
   2.0000000e+00   2.1927798e+00  -3.0837505e-01   1.1776306e+00   8.1253880e-02  -1.0507819e+00  -1.2512506e+00
   2.0000000e+00  -1.7691075e+00  -1.7989259e+00  -3.7574178e-01  -1.4055083e+00  -6.4509949e-01   2.6040112e+00
   2.0000000e+00  -1.0115292e+00  -5.0607575e-01  -7.8263980e-01   5.5933729e-01  -7.7735624e-01  -8.0904870e-01
   2.0000000e+00  -5.2484400e-01   2.4765305e+00   2.7654909e-01  -6.7190016e-01  -4.3258431e-01   3.0919973e+00
   2.0000000e+00   1.7285041e-01   2.5423193e-01  -4.3961978e-01  -1.0381058e+00   9.9540322e-01  -1.9484169e-01
   2.0000000e+00   7.6666531e-01   1.2580082e+00   7.1151243e-01  -1.7469044e+00  -1.3247016e+00  -2.6257366e+00
   2.0000000e+00  -2.4040520e-01  -4.7667209e-01   3.0993156e-01  -9.5405770e-01  -2.1408943e-01   1.1802204e+00
   1.0000000e+00  -8.6035961e-01  -3.5919073e-01  -1.3317382e+00  -2.6966179e-01   2.1244414e-01   4.2330133e-01
   2.0000000e+00   2.2056332e+00   2.9983368e-01   8.2369622e-01   4.4319588e-01  -1.0332168e+00  -2.7461951e-01
   1.0000000e+00   2.1735371e+00  -6.5543520e-01  -4.1397332e-01  -1.2074741e+00   2.0599781e-02   7.8391889e-01
   2.0000000e+00  -1.2086442e+00   1.9184416e+00   7.9967436e-01   8.2153694e-01  -5.0811312e-01  -9.2527547e-01
   2.0000000e+00   1.0776787e+00  -1.1265967e+00   1.2606986e+00   1.6992827e+00  -1.0968156e+00  -1.0939636e+00
   2.0000000e+00   6.0717571e-01   7.5110935e-01  -3.1697641e-01  -1.8080917e-01   9.1148822e-01  -1.3188360e-01
   2.0000000e+00  -4.0171187e-01   5.8347486e-01   7.6438662e-02   1.6112723e+00   9.2483226e-01  -2.6290545e-01
   2.0000000e+00  -7.7899760e-01   8.3909478e-02   5.8041704e-03  -2.0012245e+00   1.6313121e+00  -4.6231531e-01
   2.0000000e+00  -1.4496302e+00  -1.2969303e+00  -4.7512457e-02  -8.6635404e-01   3.5028187e-01  -1.0786316e-01
   2.0000000e+00  -1.5494108e+00   2.9877468e-01   8.1908147e-01   1.1093495e+00  -6.1128775e-01  -1.0336182e+00
   2.0000000e+00   5.4454971e-01  -1.1057872e+00   1.3452525e-01  -1.1969949e+00   1.1583093e+00   7.1233673e-02
   2.0000000e+00  -7.5825175e-01  -1.2948901e-01   8.3193046e-01  -1.2294336e+00  -1.7927889e-01  -2.9689171e-01
   2.0000000e+00   7.5105413e-01   1.7176221e+00  -1.2645531e-01   8.6692353e-01  -1.9706551e-02   2.2981892e+00
   2.0000000e+00  -7.1882924e-01   2.5815009e-01   6.3490918e-01  -1.6233174e+00  -2.3937684e+00  -1.7659639e+00
   2.0000000e+00  -2.5938616e-01   1.9314349e+00   2.0844635e+00  -2.7415976e-01  -4.9824533e-01  -4.8267370e-01
   2.0000000e+00   1.2845437e+00   1.0657187e-01  -1.3037207e+00  -1.8086714e+00  -7.3003479e-01  -4.2627573e-01
   2.0000000e+00   8.3871122e-01   5.7511824e-01   1.0284878e+00   5.3849261e-01  -1.1036102e+00  -1.3082868e+00
   2.0000000e+00   6.1331304e-02   1.1681209e+00   1.7167369e+00   9.9312667e-01   2.0939587e-01   1.4060402e+00
   2.0000000e+00   2.8628560e-01  -1.2578338e-02   6.1746613e-01   4.3980248e-01  -7.8392791e-01   3.1285574e-01
   2.0000000e+00   4.2140910e-01   9.4950429e-01  -1.6396148e-01  -2.1988953e-01  -8.7382951e-01   1.0508193e+00
   2.0000000e+00   2.6210499e-01  -1.4094651e+00  -1.1871456e+00  -7.7617888e-02  -1.9556629e+00  -1.3529364e-02
   2.0000000e+00   3.5969234e-01  -1.0914801e+00   8.4518941e-02   7.7913083e-02   1.3840604e+00  -8.9969668e-01
   2.0000000e+00  -5.1073262e-01   2.2868829e-01   4.4942733e-01  -1.6568156e-01  -2.7615130e-01  -5.9633466e-01
   2.0000000e+00  -2.0174691e-01   1.3663108e+00   7.7512618e-01   1.4636747e+00   3.5883916e-01   4.5469461e-01
   2.0000000e+00  -1.3230983e+00  -1.9516021e-01  -2.0051315e+00  -9.1251581e-01   1.2541991e+00   3.3680049e-01
   2.0000000e+00  -1.0172386e+00   5.9102900e-01  -6.1488773e-01  -8.8231405e-01  -2.0959279e+00  -7.6436456e-01
   1.0000000e+00   5.0575368e-01   1.8411076e-01   8.0583326e-01  -1.4328660e+00   2.0700771e-01  -1.3267584e+00
   2.0000000e+00  -6.0688831e-01  -6.5053215e-01  -5.9707706e-01  -8.8229960e-02  -7.3418933e-01  -6.4180129e-01
   2.0000000e+00   6.7589244e-01   1.8832244e-01  -1.5949165e-01  -8.7833676e-01  -6.0809464e-01   1.4294100e+00
   2.0000000e+00  -5.5526028e-01  -2.6517105e+00  -1.5460080e+00   2.3512933e+00   5.3552556e-01   9.5460734e-01
   2.0000000e+00   4.4324683e-01   1.2370224e+00   1.2901333e+00   2.3117409e+00   3.1311617e-01   1.2631232e-01
   2.0000000e+00  -1.3295140e+00  -4.8113352e-01   1.6496759e-01  -7.0818270e-01  -8.8988189e-01  -3.3040161e-01
   2.0000000e+00  -6.4107142e-01   1.4017411e+00   5.5724112e-01  -2.2620161e-01  -9.8954472e-01   1.4291730e+00
   2.0000000e+00   9.8760679e-01   5.1374862e-01   6.8129553e-01  -6.0742061e-01  -6.2939008e-01  -1.6940934e-01
   2.0000000e+00   4.1266707e-01  -1.3872637e+00  -1.4407081e+00   1.1469015e+00  -1.2489444e+00  -1.4487890e+00
   2.0000000e+00  -8.8451287e-01   1.6125240e+00  -1.7622466e+00   1.6959300e-03  -2.0444878e-01  -4.0364659e-02
   2.0000000e+00  -3.5346046e-01  -4.6678402e-02  -6.1326469e-01   5.8655724e-01  -1.1154074e+00   2.8758353e-01
   1.0000000e+00   1.1155591e-01  -1.8631076e-01   9.2419582e-04   1.6797628e+00   2.0515849e-01   2.3134638e-01
   2.0000000e+00  -1.1484528e+00   1.3601139e+00  -4.3665461e-01   1.2706570e+00   2.4879775e+00   9.9056799e-01
   2.0000000e+00   5.0783899e-01  -1.4124440e+00   9.3109584e-01   4.5478152e-01  -2.7004563e-01  -1.0407636e+00
   2.0000000e+00  -9.3451464e-01   1.9891686e+00   2.0346774e+00   1.6861619e+00   1.1506334e+00   2.2824360e-01
   2.0000000e+00  -5.9270526e-01  -1.9373815e+00   1.6266527e-01  -1.2707931e+00   1.2764250e-01   5.8516236e-01
   1.0000000e+00  -1.2696548e+00  -1.9587327e-01   2.3697416e-01  -2.0129506e+00   5.0675249e-01  -7.4177958e-01
   2.0000000e+00   6.0904268e-02   1.0887704e+00  -2.9352210e-01   4.5265655e-01   1.4397124e+00  -9.3953432e-01
   2.0000000e+00   9.0693959e-01   3.6050851e-01  -3.1016940e+00   3.4622494e-01   1.9671729e+00   5.6852691e-01
   2.0000000e+00   3.0991517e-01   8.4484522e-01  -2.2537254e-01  -2.1124614e-01  -1.2897269e+00   6.3593447e-01
   1.0000000e+00   1.5107897e+00  -7.1775411e-01   1.8607203e+00   1.6694748e+00   2.4079008e-02  -1.4836281e+00
   2.0000000e+00  -4.1810212e-01   1.5134806e+00   4.4329909e-01  -1.5563821e+00   1.0623474e+00  -5.5271218e-02
   1.0000000e+00   4.9730410e-01  -3.8786429e-01  -1.1203071e-01   8.0137748e-01   3.4932935e-01   1.6326950e-01
   1.0000000e+00   7.1397751e-01  -7.7526807e-01   1.9959132e+00   3.1545243e-01   8.6834514e-02   8.2813264e-01
   2.0000000e+00  -1.9099296e-02  -1.1851873e-01   2.2174645e+00   2.2366328e+00  -8.1137227e-01   1.9626829e+00
   2.0000000e+00  -9.0712479e-01   9.9823646e-01   8.6711860e-01   4.6174732e-01   1.0442705e+00   1.7136609e+00
   2.0000000e+00   8.6557169e-01   5.7064240e-01  -4.1357669e-01  -7.6563707e-01  -3.1289501e-02   1.0436386e+00
   2.0000000e+00   1.7054352e+00   5.4301825e-01  -2.2215387e-01   2.8059218e-01  -2.5127363e+00   3.9392103e-01
   2.0000000e+00  -1.0952401e+00  -2.1878950e+00   1.2227390e+00  -4.9572508e-01  -1.4229705e-01   6.3160766e-01
   2.0000000e+00   7.7105686e-01  -6.1232568e-03   4.7354393e-01  -1.2624292e+00  -1.1408510e+00   5.1939583e-01
   1.0000000e+00  -7.8118027e-01   5.8930006e-01   5.8661182e-01   3.6764407e-01   4.9309855e-01   2.6925821e-01
   2.0000000e+00  -3.3260764e-01  -1.3297812e+00  -1.6483187e+00   7.1884950e-01   2.7123787e-01   2.3947856e+00
   1.0000000e+00  -1.5636376e+00   5.8864956e-01   6.9191927e-01  -4.1590475e-01   6.1884488e-01  -1.0103088e+00
   2.0000000e+00   9.3895006e-02  -1.3975228e+00   4.6750293e-01  -2.8357410e-01  -1.5150500e+00  -1.3160942e+00
   2.0000000e+00  -1.3108990e+00   1.4653476e+00  -1.1159904e+00   5.0774160e-01  -4.6483479e-01  -2.0843398e-01
   2.0000000e+00  -2.5419484e-01  -3.5542437e-02   5.1463317e-01   3.5860070e-01  -6.0235707e-01  -1.0184410e+00
   2.0000000e+00  -1.0712188e+00   1.3704539e+00  -3.9494908e-01  -9.0710250e-01   1.1916246e+00   5.8550084e-01
   2.0000000e+00   9.5558590e-01  -6.7625833e-01   3.5426367e-01  -5.6218627e-01  -1.1110105e+00   5.8378699e-01
   2.0000000e+00  -6.6863017e-02   1.1389706e-01   1.7585948e-01   9.1783826e-01   1.9188926e+00   1.1164609e+00
   2.0000000e+00   1.6845469e+00  -1.0836200e+00  -1.3612372e+00  -3.2445707e-01  -2.4876664e-01   9.7339108e-01
   2.0000000e+00  -6.6320069e-01  -2.4524296e-01   2.1182713e+00   4.9677568e-01  -1.3375589e-01   7.7493531e-01
   2.0000000e+00  -5.7852137e-02  -1.0675255e+00  -4.9051173e-01   9.1174607e-01   1.3389011e+00  -5.8623623e-01
   2.0000000e+00   8.3940807e-01  -6.1946479e-01  -6.4143153e-01   1.4120744e+00  -2.2235319e-01  -1.3851132e+00
   2.0000000e+00   3.7531245e-02  -3.4776949e-01   7.4372154e-01   6.6852207e-01  -2.1389237e-01   1.8903814e+00
   2.0000000e+00  -4.4543102e-01   1.4984801e+00   8.5153410e-01  -7.2209379e-01   2.1912810e-01  -1.2808329e+00
   2.0000000e+00  -7.5310885e-01  -6.7927702e-01   2.5760107e-01  -3.1118262e-01  -2.9832049e-01  -3.1548446e-01
   1.0000000e+00   2.4587014e+00   8.7983292e-01  -1.0037372e+00   1.5043197e+00   2.5108060e-01   4.8816047e-01
   2.0000000e+00   7.5134703e-01  -1.9224369e-01  -9.4686141e-02  -9.8359046e-01  -3.8936121e-01  -1.3699638e+00
   2.0000000e+00  -3.8988841e-01   1.2653784e+00   1.0657770e+00  -3.0325806e+00  -3.7479100e-01   7.0107237e-01
   1.0000000e+00   2.0894690e-01   1.8635002e-01   7.6972906e-01  -2.1108854e-01   4.1849518e-02  -7.8686678e-01
   2.0000000e+00  -1.4616280e+00   1.2935559e-01  -2.6486053e+00  -1.9294402e+00  -1.2034672e+00   4.4675056e-02
   1.0000000e+00  -1.1320703e+00   7.5412573e-01  -4.3649918e-01   3.8402539e-01   2.9270477e-01   1.5046600e-01
   2.0000000e+00  -1.0017533e+00  -6.3837255e-01  -1.4233627e-01  -1.2820986e+00  -5.1924039e-02  -1.8834843e+00
   2.0000000e+00   1.6771610e-01   3.4559361e-01   2.3360545e-01  -7.3342237e-01   1.1558121e+00   9.8938280e-03
   2.0000000e+00   9.3360692e-01  -1.1689532e+00  -8.5181354e-02  -9.3376475e-01  -1.2061104e+00  -3.0368772e-01
   1.0000000e+00   1.1152811e+00  -2.3002600e-01  -1.4298130e+00  -5.7318327e-01   9.6389162e-01   9.4658767e-01
   2.0000000e+00   8.4273058e-01   1.0052242e+00  -3.9933345e-01   2.1144125e+00  -4.0887454e-01   6.0980860e-01
   2.0000000e+00  -6.2050611e-02  -1.1335462e+00   7.3604525e-01  -8.7178495e-02   1.2650354e+00   1.6205645e-01
   2.0000000e+00  -1.2811906e+00  -5.7337401e-02   1.4584804e+00   7.7546814e-01  -6.8756664e-01  -1.4479921e+00
   2.0000000e+00  -9.6368828e-01   1.6502122e+00  -6.9469711e-01  -2.5850396e-01   2.0582488e-02   5.9169329e-02
   2.0000000e+00   1.5875079e+00   9.7300484e-01  -1.2388474e-01   3.9747055e-01  -7.9499177e-01   2.7575796e-01
   2.0000000e+00  -1.0425275e+00   2.8252187e-01  -5.3358296e-01   9.7361985e-02  -4.4098259e-01  -3.1782674e-01
   2.0000000e+00  -9.1582942e-02   5.2977960e-01  -2.6713761e-01   7.8325304e-01  -2.0273881e-01  -4.3491610e-02
   1.0000000e+00   2.4251648e+00   4.7473133e-01   1.3052204e+00   2.6413025e-01   8.4933309e-01   1.1252997e+00
   2.0000000e+00  -1.2451657e+00   2.4285005e-02  -3.9258740e-02  -1.4698019e+00  -6.1018987e-01   1.4628032e+00
   2.0000000e+00  -4.7457067e-01   1.8332220e+00   4.0025501e-01  -4.8557247e-01   1.2917218e-01   2.1057748e+00
   2.0000000e+00  -5.7804403e-01   3.1400103e-01   2.0975976e+00  -2.2273074e-01  -1.5298226e+00  -1.2861791e+00
   2.0000000e+00   1.9333106e+00   6.7215297e-01   2.5695740e-01   4.1694531e-01   1.5232441e+00  -1.8744732e+00
